110657
110672
110675
110676
110677
110678
110679
110680
110682
110683
110684
110685
110686
110687
110688
110689
110690
110691
110692
110693
110694
110695
110696
110697
110698
110699
110700
110702
110703
110704
110705
110706
110707
110708
110709
110710
110711
110713
110714
110715
110716
110718
110719
110724
110725
110737
110738
110739
110740
110741
110743
110744
110745
110746
110747
110749
110750
110751
110752
110753
110754
110755
110771
110772
110773
110774
110775
110776
110782
110783
110784
110785
110786
110787
110788
110789
110790
110791
110792
110793
110794
110795
110796
110798
110799
110800
110801
110802
110803
110804
110805
110806
110807
110808
110809
110810
110811
110812
110814
110815
110816
110817
110818
110819
110820
110821
110822
110824
110825
110828
110829
110830
110831
110833
110834
110835
110836
110837
110841
110842
110843
110844
110845
110846
110847
110848
110849
110850
110851
110852
110853
110854
110855
110856
110857
110858
110859
110860
110861
110862
110863
110864
110865
110866
110867
110868
110869
110870
110871
110872
110873
110874
110875
110876
110877
110878
110879
110881
110882
110896
110897
110899
110900
110901
110902
110903
110904
110905
110907
110909
110910
110911
110912
110913
110914
110915
110916
110917
110918
110919
110920
110921
110922
110923
110924
110925
110926
110927
110929
110930
110931
110932
110933
110934
110935
110936
110937
110942
110943
110944
110945
110946
110949
110950
110951
110953
110954
110955
110956
110957
110958
110959
110960
110961
110962
110963
110964
110965
110966
110967
110968
110969
110970
110971
110972
110973
110991
110993
110994
110995
110996
110997
110998
110999
111000
111001
111002
111003
111004
111005
111006
111007
111008
111009
111010
111013
111014
111015
111016
111017
111018
111019
111020
111021
111022
111023
111024
111025
111026
111027
111028
111029
111030
111031
111032
111033
111034
111035
111036
111037
111041
111042
111043
111044
111045
111046
111047
111048
111050
111052
111053
111054
111055
111056
111057
111061
111062
111063
111064
111065
111067
111068
111069
111070
111071
111072
111073
111074
111075
111078
111079
111080
111081
111082
111083
111092
111093
111094
111095
111096
111097
111098
111099
111100
111101
111102
111103
111106
111107
111108
111112
111113
111114
111115
111116
111117
111118
111119
111120
111121
111122
111123
111124
111126
111127
111128
111129
111131
111132
111133
111134
111135
111136
111140
111141
111142
111143
111144
111145
111146
111147
111148
111149
111150
111151
111152
111153
111154
111155
111156
111157
111158
111159
111160
111161
111162
111163
111164
111165
111166
111167
111168
111171
111172
111173
111174
111175
111176
111177
111178
111179
111180
111182
111183
111184
111185
111186
111187
111188
111189
111190
111191
111193
111194
111195
111196
111197
111201
111202
111203
111204
111205
111207
111208
111209
111210
111211
111212
111215
111216
111217
111222
111223
111224
111225
111227
111228
111229
111230
111231
111232
111233
111234
111235
111236
111237
111238
111239
111240
111241
111242
111243
111244
111245
111246
111247
111251
111252
111253
111254
111257
111258
111259
111260
111263
111264
111265
111266
111267
111268
111269
111270
111271
111272
111273
111274
111275
111276
111277
111278
111279
111282
111283
111284
111285
111286
111287
111288
111289
111291
111292
111293
111294
111295
111296
111297
111298
111299
111300
111301
111302
111303
111304
111305
111306
111307
111308
111309
111310
111311
111312
111325
111330
111331
111332
111333
111335
111337
111338
111339
111340
111342
111343
111344
111345
111346
111348
111349
111350
111352
111353
111354
111356
111357
111358
111359
111360
111361
111362
111365
111366
111367
111368
111369
111370
111371
111372
111374
111375
111377
111378
111379
111380
111381
111382
111385
111386
111387
111388
111389
111390
111391
111392
111393
111394
111395
111396
111398
111399
111400
111402
111403
111406
111407
111408
111409
111410
111411
111412
111414
111415
111416
111417
111418
111419
111420
111421
111422
111423
111425
111426
111427
111428
111429
111431
111432
111433
111434
111435
111436
111437
111438
111439
111440
111441
111442
111443
111444
111445
111446
111447
111448
111449
111450
111451
111452
111453
111454
111456
111458
111459
111460
111461
111462
111463
111464
111473
111474
111475
111476
111477
111478
111479
111480
111481
111482
111483
111484
111485
111486
111487
111488
111489
111490
111491
111492
111493
111494
111495
111496
111497
111498
111499
111500
111501
111502
111503
111504
111505
111506
111507
111508
111509
111510
111511
111512
111513
111514
111515
111522
111523
111524
111526
111527
111528
111529
111530
111531
111532
111533
111534
111535
111536
111537
111538
111539
111540
111541
111542
111548
111549
111550
111551
111552
111553
111554
111555
111556
111558
111559
111560
111561
111562
111563
111564
111565
111566
111567
111568
111570
111573
111574
111575
111576
111577
111578
111579
111580
111581
111582
111583
111584
111585
111586
111587
111588
111590
111591
111592
111593
111594
111595
111599
111600
111601
111602
111603
111604
111605
111606
111607
111608
111609
111610
111611
111612
111613
111614
111616
111617
111618
111619
111620
111621
111622
111623
111624
111625
111627
111628
111629
111630
111633
111634
111635
111636
111638
111639
111640
111641
111642
111643
111646
111647
111649
111650
111651
111652
111653
111654
111655
111656
111657
111658
111659
111660
111662
111663
111664
111665
111666
111669
111670
111671
111680
111681
111682
111684
111685
111686
111687
111688
111690
111691
111692
111699
111700
111701
111702
111703
111704
111705
111706
111707
111708
111711
111712
111713
111714
111715
111716
111717
111718
111719
111720
111721
111722
111723
111724
111725
111728
111729
111730
111731
111732
111733
111738
111740
111741
111742
111743
111744
111745
111746
111747
111748
111749
111750
111751
111752
111753
111754
111756
111757
111759
111763
111764
111765
111768
111769
111772
111773
111775
111776
111777
111778
111779
111781
111782
111784
111785
111787
111788
111789
111790
111791
111792
111793
111794
111795
111796
111797
111798
111799
111800
111801
111802
111803
111804
111805
111806
111807
111808
111816
111817
111819
111820
111821
111822
111824
111825
111827
111828
111829
111830
111831
111834
111835
111836
111837
111838
111839
111840
111841
111842
111850
111851
111854
111855
111856
111857
111858
111859
111860
111861
111862
111863
111865
111866
111867
111868
111869
111870
111872
111873
111874
111875
111878
111879
111880
111881
111882
111883
111884
111885
111886
111889
111890
111891
111894
111895
111896
111897
111898
111899
111901
111902
111903
111904
111905
111907
111908
111910
111913
111915
111916
111917
111918
111944
111945
111946
111947
111948
111949
111950
111951
111952
111953
111954
111957
