110737
110738
110739
110740
110741
110743
110744
110745
110746
110747
110749
110750
110751
110752
110753
110754
110755
110828
110829
110830
110831
110833
110834
110835
110836
110837
110907
110909
110910
110911
110912
110913
110914
110915
110916
110917
110918
110919
110920
110921
110922
110923
110924
110925
110926
110927
111013
111014
111015
111016
111017
111018
111019
111020
111021
111022
111023
111024
111025
111026
111027
111028
111029
111030
111031
111032
111033
111034
111035
111036
111037
111096
111097
111098
111099
111100
111101
111102
111103
111106
111107
111108
111112
111113
111114
111115
111116
111117
111118
111119
111180
111182
111183
111184
111185
111186
111187
111188
111189
111190
111191
111193
111194
111195
111196
111197
111201
111202
111203
111204
111205
111207
111208
111209
111210
111211
111212
111215
111291
111292
111293
111294
111295
111296
111297
111298
111299
111300
111301
111302
111303
111304
111305
111306
111307
111308
111309
111310
111311
111312
111406
111407
111408
111409
111410
111411
111412
111414
111415
111416
111417
111418
111419
111420
111421
111422
111423
111425
111426
111427
111428
111429
111431
111432
111433
111434
111435
111436
111437
111438
111439
111440
111441
111442
111443
111444
111445
111446
111447
111448
111449
111450
111451
111452
111453
111454
111548
111549
111550
111551
111552
111553
111554
111555
111556
111558
111559
111560
111561
111562
111563
111564
111565
111566
111567
111568
111570
111651
111652
111653
111654
111655
111656
111657
111658
111659
111660
111662
111663
111664
111665
111666
111669
111670
111671
111680
111681
111682
111684
111685
111686
111687
111688
111690
111691
111692
111791
111792
111793
111794
111795
111796
111797
111798
111799
111800
111801
111802
111803
111804
111805
111806
111807
111808
111907
111908
111910
111913
111915
111916
111917
111918
111944
111945
111946
111947
111948
111949
111950
111951
111952
111953
111954
111957
