  1            0.7668677956280723   0.7676217724653779  
  2            0.7661127628170628   0.7668677956280723  
  3            0.765359578966732   0.7661127628170628  
  4            0.7646063040722513   0.765359578966732  
  5            0.7638548609553513   0.7646063040722513  
  6            0.7631023605338568   0.7638548609553513  
  7            0.7623516797327237   0.7631023605338568  
  8            0.7616018516201372   0.7623516797327237  
  9            0.7608519185815885   0.7616018516201372  
  10           0.7601018816803872   0.7608519185815885  
  11           0.7593536364293353   0.7601018816803872  
  12           0.7586052804899311   0.7593536364293353  
  13           0.7578577577815394   0.7586052804899311  
  14           0.7571101223452403   0.7578577577815394  
  15           0.7563633137401702   0.7571101223452403  
  16           0.7556173266591864   0.7563633137401702  
  17           0.7548721558944237   0.7556173266591864  
  18           0.7541259329606912   0.7548721558944237  
  19           0.7533814544333924   0.7541259329606912  
  20           0.7526368541514001   0.7533814544333924  
  21           0.7518930589320525   0.7526368541514001  
  22           0.7511491409583605   0.7518930589320525  
  23           0.7504060228872892   0.7511491409583605  
  24           0.7496627813403447   0.7504060228872892  
  25           0.748920334859969   0.7496627813403447  
  26           0.7481786790463941   0.748920334859969  
  27           0.7474368971315015   0.7481786790463941  
  28           0.7466949911947368   0.7474368971315015  
  29           0.7459538716845905   0.7466949911947368  
  30           0.7452135345889999   0.7459538716845905  
  31           0.7444721676476688   0.7452135345889999  
  32           0.7437324857752847   0.7444721676476688  
  33           0.7429926789535425   0.7437324857752847  
  34           0.7422527497139695   0.7429926789535425  
  35           0.7415127006598422   0.7422527497139695  
  36           0.7407734284599103   0.7415127006598422  
  37           0.7400349298210482   0.7407734284599103  
  38           0.7392963115999812   0.7400349298210482  
  39           0.7385575767468565   0.7392963115999812  
  40           0.7378187282941925   0.7385575767468565  
  41           0.7370806533474127   0.7378187282941925  
  42           0.7363424671576643   0.7370806533474127  
  43           0.7356050530684125   0.7363424671576643  
  44           0.7348675305088472   0.7356050530684125  
  45           0.7341299029892869   0.7348675305088472  
  46           0.7333921741153578   0.7341299029892869  
  47           0.7326552197830783   0.7333921741153578  
  48           0.7319181677079258   0.7326552197830783  
  49           0.7311810218090348   0.7319181677079258  
  50           0.7304446524788287   0.7311810218090348  
  51           0.7297081936132389   0.7304446524788287  
  52           0.7289716494626874   0.7297081936132389  
  53           0.7282350243880714   0.7289716494626874  
  54           0.7274983228630719   0.7282350243880714  
  55           0.7267624062308214   0.7274983228630719  
  56           0.7260264186200799   0.7267624062308214  
  57           0.7252903648664597   0.7260264186200799  
  58           0.7245542499270167   0.7252903648664597  
  59           0.7238180788825689   0.7245542499270167  
  60           0.7230827041742603   0.7238180788825689  
  61           0.7223464347725909   0.7230827041742603  
  62           0.7216109687226584   0.7223464347725909  
  63           0.7208746228388511   0.7216109687226584  
  64           0.7201390878622762   0.7208746228388511  
  65           0.7194035262236603   0.7201390878622762  
  66           0.71866794393919   0.7194035262236603  
  67           0.7179323471664578   0.71866794393919  
  68           0.7171967422067302   0.7179323471664578  
  69           0.716461135507198   0.7171967422067302  
  70           0.7157263620394901   0.716461135507198  
  71           0.7149907699184593   0.7157263620394901  
  72           0.7142551962978011   0.7149907699184593  
  73           0.7135196482306295   0.7142551962978011  
  74           0.7127841329271468   0.7135196482306295  
  75           0.7120486577568371   0.7127841329271468  
  76           0.7113132302506728   0.7120486577568371  
  77           0.7105778581032876   0.7113132302506728  
  78           0.7098425491751601   0.7105778581032876  
  79           0.7091073114947727   0.7098425491751601  
  80           0.7083721532607617   0.7091073114947727  
  81           0.7076370828440609   0.7083721532607617  
  82           0.7069013029544543   0.7076370828440609  
  83           0.7061664358680982   0.7069013029544543  
  84           0.7054308807027496   0.7061664358680982  
  85           0.7046954523805646   0.7054308807027496  
  86           0.7039601601716802   0.7046954523805646  
  87           0.7032250135318503   0.7039601601716802  
  88           0.7024900221044892   0.7032250135318503  
  89           0.7017544031233727   0.7024900221044892  
  90           0.7010189630152339   0.7017544031233727  
  91           0.700283712007342   0.7010189630152339  
  92           0.6995486605234299   0.700283712007342  
  93           0.6988138191856589   0.6995486605234299  
  94           0.6980784157619084   0.6988138191856589  
  95           0.6973432481713511   0.6980784157619084  
  96           0.696608327654701   0.6973432481713511  
  97           0.6958736656595657   0.696608327654701  
  98           0.6951384984972092   0.6958736656595657  
  99           0.694403617256909   0.6951384984972092  
  100          0.6936682625729286   0.694403617256909  
  101          0.6929339916213239   0.6936682625729286  
  102          0.6921992759703735   0.6929339916213239  
